0
1
2
4
6
14
15
16
19
23
24
26
28
36
37
38
41
45
47
49
57
58
59
62
67
69
77
78
79
82
106
114
115
116
119
147
148
149
152
240
241
244
248
251
257
276
278
280
288
289
290
293
298
300
308
309
310
313
337
345
346
347
350
378
379
380
383
471
472
475
479
482
488
508
510
518
519
520
523
547
555
556
557
560
588
589
590
593
681
682
685
689
692
698
737
745
746
747
750
778
779
780
783
871
872
875
879
882
888
1102
1103
1104
1107
1195
1196
1199
1203
1206
1212
1451
1452
1455
1459
1462
1468
1963
1966
1972
1993
2048
2050
2058
2059
2060
2063
2087
2095
2096
2097
2100
2128
2129
2130
2133
2221
2222
2225
2229
2232
2238
2277
2285
2286
2287
2290
2318
2319
2320
2323
2411
2412
2415
2419
2422
2428
2642
2643
2644
2647
2735
2736
2739
2743
2746
2752
2991
2992
2995
2999
3002
3008
3503
3506
3512
3533
3607
3615
3616
3617
3620
3648
3649
3650
3653
3741
3742
3745
3749
3752
3758
3972
3973
3974
3977
4065
4066
4069
4073
4076
4082
4321
4322
4325
4329
4332
4338
4833
4836
4842
4863
5112
5113
5114
5117
5205
5206
5209
5213
5216
5222
5461
5462
5465
5469
5472
5478
5973
5976
5982
6003
7246
7247
7250
7254
7257
7263
7758
7761
7767
7788
8998
9001
9007
9028
10778
10922
10930
10931
10932
10935
10963
10964
10965
10968
11056
11057
11060
11064
11067
11073
11287
11288
11289
11292
11380
11381
11384
11388
11391
11397
11636
11637
11640
11644
11647
11653
12148
12151
12157
12178
12427
12428
12429
12432
12520
12521
12524
12528
12531
12537
12776
12777
12780
12784
12787
12793
13288
13291
13297
13318
14561
14562
14565
14569
14572
14578
15073
15076
15082
15103
16313
16316
16322
16343
18093
18412
18413
18414
18417
18505
18506
18509
18513
18516
18522
18761
18762
18765
18769
18772
18778
19273
19276
19282
19303
20546
20547
20550
20554
20557
20563
21058
21061
21067
21088
22298
22301
22307
22328
24078
25391
25392
25395
25399
25402
25408
25903
25906
25912
25933
27143
27146
27152
27173
28923
34079
34082
34088
34109
35859
40059
44746
44747
44748
44751
44839
44840
44843
44847
44850
44856
45095
45096
45099
45103
45106
45112
45607
45610
45616
45637
46880
46881
46884
46888
46891
46897
47392
47395
47401
47422
48632
48635
48641
48662
50412
51725
51726
51729
51733
51736
51742
52237
52240
52246
52267
53477
53480
53486
53507
55257
60413
60416
60422
60443
62193
66393
72074
72075
72078
72082
72085
72091
72586
72589
72595
72616
73826
73829
73835
73856
75606
80762
80765
80771
80792
82542
86742
96266
96269
96275
96296
98046
102246
122442
146687
146688
146691
146695
146698
146704
147199
147202
147208
147229
148439
148442
148448
148469
150219
155375
155378
155384
155405
157155
161355
170879
170882
170888
170909
172659
176859
197055
225143
225146
225152
225173
226923
231123
251319
290079
395687
395690
395696
395717
397467
401667
421863
460623
576903
896673
