0
1
2
4
5
6
8
9
16
17
19
20
21
23
24
31
33
34
35
37
38
46
47
48
50
51
70
71
73
74
81
83
84
92
93
108
136
138
139
140
142
143
151
152
153
155
156
175
176
178
179
186
188
189
197
198
213
242
243
244
246
247
266
267
269
270
277
279
280
288
289
304
344
345
347
348
355
357
358
366
367
382
476
478
479
487
488
503
532
533
548
584
697
698
699
701
702
721
722
724
725
732
734
735
743
744
759
799
800
802
803
810
812
813
821
822
837
931
933
934
942
943
958
987
988
1003
1039
1163
1164
1166
1167
1174
1176
1177
1185
1186
1201
1295
1297
1298
1306
1307
1322
1351
1352
1367
1403
1581
1583
1584
1592
1593
1608
1637
1638
1653
1689
2022
2023
2038
2074
2194
2528
2529
2531
2532
2539
2541
2542
2550
2551
2566
2660
2662
2663
2671
2672
2687
2716
2717
2732
2768
2946
2948
2949
2957
2958
2973
3002
3003
3018
3054
3387
3388
3403
3439
3559
3947
3949
3950
3958
3959
3974
4003
4004
4019
4055
4388
4389
4404
4440
4560
5103
5104
5119
5155
5275
6100
6950
6952
6953
6961
6962
6977
7006
7007
7022
7058
7391
7392
7407
7443
7563
8106
8107
8122
8158
8278
9103
10108
10109
10124
10160
10280
11105
12392
15113
15114
15129
15165
15285
16110
17397
20400
26835
